0.242981 0.0652636
0.36564 0.0997873
0.408129 0.212304
0.493106 0.212304
0.520895 0.212304
0.548683 0.218982
0.561745 0.291976
0.574806 0.454455
0.627051 0.454455
0.640113 0.454455
0.653174 0.454455
0.666235 0.454455
0.679297 0.454455
0.691959 0.454455
0.701457 0.48045
0.707558 0.549085
0.71366 0.617721
0.719762 0.78133
0.750271 0.78133
0.756372 0.78133
0.762474 0.78133
0.768576 0.823628
0.774677 0.823628
0.780779 0.892264
0.786881 0.892264
0.792983 0.960899
0.799084 0.960899
0.805186 1.02954
0.811288 1.02954
0.81739 1.09817
0.823491 1.09817
0.829593 1.09817
0.835365 1.09817
0.840415 1.09817
0.844904 1.1418
0.848453 1.20896
0.852002 1.27613
0.855551 1.34329
0.8591 1.41046
0.862649 1.47762
0.866198 1.54479
0.869747 1.54479
0.873296 1.61195
0.876845 1.61195
0.880394 1.67912
0.883943 1.67912
0.887492 1.74628
0.891041 1.74628
0.89459 1.74628
0.897957 1.81068
0.901324 1.81068
0.904691 1.87367
0.907798 1.87367
0.910906 1.94059
0.914014 1.94059
0.917122 2.00378
0.920007 2.00378
0.922893 2.07058
0.925779 2.07058
0.928665 2.13394
0.931358 2.13394
0.934052 2.20063
0.936745 2.26731
0.939439 2.26731
0.942132 2.33073
0.944657 2.33073
0.947182 2.39732
0.949707 2.46391
0.952232 2.46391
0.954757 2.5305
0.957282 2.5305
0.959807 2.5971
0.962333 2.5971
0.964858 2.66369
0.967383 2.66369
0.969908 2.66369
0.972336 2.72503
0.97463 2.72503
0.976924 2.72503
0.979097 2.78619
0.981161 2.78619
0.983225 2.8502
0.985191 2.8502
0.987157 2.8502
0.989034 2.91236
0.990829 2.91236
0.992624 2.97855
0.994419 2.97855
0.996214 3.04286
0.997934 3.04286
0.999655 3.10901
1.00137 3.10901
1.0031 3.17335
1.00478 3.23853
1.00647 3.23853
1.00815 3.30271
1.00984 3.30271
1.01153 3.36506
1.01321 3.36506
1.0149 3.42547
1.01659 3.42547
1.01827 3.4857
1.01996 3.4857
1.02165 3.54408
1.02333 3.60513
1.02502 3.60513
1.0267 3.66138
1.02839 3.66138
1.03008 3.71579
1.03176 3.71579
1.03345 3.7683
1.03514 3.7683
1.03682 3.81888
1.03851 3.81888
1.0402 3.86749
1.04188 3.86749
1.04357 3.91429
1.04526 3.91429
1.04694 3.95924
1.04863 3.95924
1.05031 4.00235
1.052 4.0547
1.05369 4.0547
1.05537 4.09553
1.05706 4.09553
1.05875 4.13463
1.06043 4.13463
1.06212 4.172
1.06381 4.172
1.06549 4.20763
1.06718 4.20763
1.06886 4.24033
1.07055 4.24033
1.07224 4.27137
1.07392 4.27137
1.07561 4.3009
1.0773 4.3009
1.07898 4.32891
1.08067 4.37272
1.08236 4.37272
1.08404 4.39881
1.08573 4.39881
1.08742 4.42242
1.0891 4.42242
1.09079 4.44463
1.09247 4.44463
1.09416 4.46552
1.09585 4.46552
1.09753 4.48511
1.09922 4.52341
1.10091 4.52341
1.10259 4.54136
1.10428 4.54136
1.10597 4.5581
1.10765 4.5581
1.10934 4.57371
1.11102 4.60875
1.11271 4.60875
1.1144 4.62286
1.11608 4.62286
1.11777 4.63672
1.11946 4.67072
1.12114 4.67072
1.12283 4.68325
1.12452 4.68325
1.1262 4.69482
1.12789 4.69482
1.12958 4.70619
1.13126 4.70619
1.13295 4.71667
1.13463 4.71667
1.13632 4.72628
1.13801 4.72628
1.13969 4.73504
1.14138 4.73504
1.14307 4.74296
1.14475 4.74296
1.14644 4.75074
1.14813 4.75074
1.14981 4.75777
1.1515 4.75777
1.15318 4.76405
1.15487 4.76405
1.15656 4.7696
1.15824 4.7696
1.15993 4.77444
1.16162 4.77444
1.1633 4.77862
1.16499 4.77862
1.16668 4.78216
1.16836 4.78216
1.17005 4.78508
1.17174 4.78508
1.17342 4.78741
1.17511 4.78741
1.17679 4.78919
1.17848 4.78919
1.18017 4.78919
1.18185 4.78919
1.18354 4.78919
1.18523 4.78919
1.18691 4.78919
1.1886 4.78919
1.19029 4.78919
1.19197 4.78919
1.19366 4.78919
1.19534 4.78919
1.19703 4.78919
1.19872 4.78919
1.2004 4.78919
1.20209 4.78919
1.20378 4.78919
1.20546 4.78919
1.20715 4.78919
1.20884 4.78919
1.21052 4.78919
1.21221 4.78919
1.2139 4.78919
1.21558 4.78919
1.21727 4.78919
1.21895 4.78919
1.22064 4.78919
1.22233 4.78919
1.22401 4.78919
1.2257 4.78919
1.22739 4.78919
1.22907 4.78919
1.23076 4.78919
1.23245 4.78919
1.23413 4.78919
1.23582 4.78919
1.2375 4.78919
1.23919 4.78919
1.24088 4.78919
1.24256 4.78919
1.24425 4.78919
1.24594 4.78919
1.24762 4.78919
1.24931 4.78919
1.251 4.78919
1.25268 4.78919
1.25437 4.78919
1.25606 4.78919
1.25774 4.78919
1.25943 4.78919
1.26111 4.78919
1.2628 4.78919
1.26449 4.78919
1.26617 4.78919
1.26786 4.78919
1.26955 4.78919
1.27123 4.78919
1.27292 4.78919
1.27461 4.78919
1.27629 4.78919
1.27798 4.78919
1.27966 4.78919
1.28135 4.78919
1.28304 4.78919
1.28472 4.78919
1.28641 4.78919
1.2881 4.78919
1.28978 4.78919
1.29147 4.78919
1.29316 4.78919
1.29484 4.78919
1.29653 4.78919
1.29822 4.78919
1.2999 4.78919
1.30159 4.78919
1.30327 4.78919
1.30496 4.78919
1.30665 4.78919
1.30833 4.78919
1.31002 4.78919
1.31171 4.78919
1.31339 4.78919
1.31508 4.78919
1.31677 4.78919
1.31845 4.78919
1.32014 4.78919
1.32182 4.78919
1.32351 4.78919
1.3252 4.78919
1.32688 4.78919
1.32857 4.78919
1.33026 4.78919
1.33194 4.78919
1.33363 4.78919
1.33532 4.78919
1.337 4.78919
1.33869 4.78919
1.34038 4.78919
1.34206 4.78919
1.34375 4.78919
1.34543 4.78919
1.34712 4.78919
1.34881 4.78919
1.35049 4.78919
1.35218 4.78919
1.35387 4.78919
1.35555 4.78919
1.35724 4.78919
1.35893 4.78919
1.36061 4.78919
1.3623 4.78919
1.36398 4.78919
1.36567 4.78919
1.36736 4.78919
1.36904 4.78919
1.37073 4.78919
1.37242 4.78919
1.3741 4.78919
1.37579 4.78919
1.37748 4.78919
1.37916 4.78919
1.38085 4.78919
1.38254 4.78919
1.38422 4.78919
1.38591 4.78919
1.38759 4.78919
1.38928 4.78919
1.39097 4.78919
1.39265 4.78919
1.39434 4.78919
1.39603 4.78919
1.39771 4.78919
1.3994 4.78919
1.40109 4.78919
1.40277 4.78919
1.40446 4.78919
1.40614 4.78919
1.40783 4.78919
1.40952 4.78919
1.4112 4.78919
1.41289 4.78919
1.41458 4.78919
1.41626 4.78919
1.41795 4.78919
1.41964 4.78919
1.42132 4.78919
1.42301 4.78919
1.4247 4.78919
1.42638 4.78919
1.42807 4.78919
1.42975 4.78919
1.43144 4.78919
1.43313 4.78919
1.43481 4.78919
1.4365 4.78919
1.43819 4.78919
1.43987 4.78919
1.44156 4.78919
1.44325 4.78919
1.44493 4.78919
1.44662 4.78919
1.4483 4.78919
1.44999 4.78919
1.45168 4.78919
1.45336 4.78919
1.45505 4.78919
1.45674 4.78919
1.45842 4.78919
1.46011 4.78919
1.4618 4.78919
1.46348 4.78919
1.46517 4.78919
1.46686 4.78919
1.46854 4.78919
1.47023 4.78919
1.47191 4.78919
1.4736 4.78919
1.47529 4.78919
1.47697 4.78919
1.47866 4.78919
1.48035 4.78919
1.48203 4.78919
1.48372 4.78919
1.48541 4.78919
1.48709 4.78919
1.48878 4.78919
1.49046 4.78919
1.49215 4.78919
1.49384 4.78919
1.49552 4.78919
1.49721 4.78919
1.4989 4.78919
1.50058 4.78919
1.50227 4.78919
1.50396 4.78919
1.50564 4.78919
1.50733 4.78919
1.50902 4.78919
1.5107 4.78919
1.51239 4.78919
1.51407 4.78919
1.51576 4.78919
1.51745 4.78919
1.51913 4.78919
1.52082 4.78919
1.52251 4.78919
1.52419 4.78919
1.52588 4.78919
1.52757 4.78919
1.52925 4.78919
1.53094 4.78919
1.53262 4.78919
1.53431 4.78919
1.536 4.78919
1.53768 4.78919
1.53937 4.78919
1.54106 4.78919
1.54274 4.78919
1.54443 4.78919
1.54612 4.78919
1.5478 4.78919
1.54949 4.78919
1.55118 4.78919
1.55286 4.78919
1.55455 4.78919
1.55623 4.78919
1.55792 4.78919
1.55961 4.78919
1.56129 4.78919
1.56298 4.78919
1.56467 4.78919
1.56635 4.78919
1.56804 4.78919
1.56973 4.78919
1.57141 4.78919
1.5731 4.78919
1.57478 4.78919
1.57647 4.78919
1.57816 4.78919
1.57984 4.78919
1.58153 4.78919
1.58322 4.78919
1.5849 4.78919
1.58659 4.78919
1.58828 4.78919
1.58996 4.78919
1.59165 4.78919
1.59334 4.78919
1.59502 4.78919
1.59671 4.78919
1.59839 4.78919
1.60008 4.78919
1.60177 4.78919
1.60345 4.78919
1.60514 4.78919
1.60683 4.78919
1.60851 4.78919
1.6102 4.78919
1.61189 4.78919
1.61357 4.78919
1.61526 4.78919
1.61694 4.78919
1.61863 4.78919
1.62032 4.78919
1.622 4.78919
1.62369 4.78919
1.62538 4.78919
1.62706 4.78919
1.62875 4.78919
1.63044 4.78919
1.63212 4.78919
1.63381 4.78919
1.6355 4.78919
1.63718 4.78919
1.63887 4.78919
1.64055 4.78919
1.64224 4.78919
1.64393 4.78919
1.64561 4.78919
1.6473 4.78919
1.64899 4.78919
1.65067 4.78919
1.65236 4.78919
1.65405 4.78919
1.65573 4.78919
1.65742 4.78919
1.6591 4.78919
1.66079 4.78919
1.66248 4.78919
1.66416 4.78919
1.66585 4.78919
1.66754 4.78919
1.66922 4.78919
1.67091 4.78919
1.6726 4.78919
1.67428 4.78919
1.67597 4.78919
1.67766 4.78919
1.67934 4.78919
1.68103 4.78919
1.68271 4.78919
1.6844 4.78919
1.68609 4.78919
1.68777 4.78919
1.68946 4.78919
1.69115 4.78919
1.69283 4.79087
1.69452 4.79087
1.69621 4.79087
1.69789 4.79087
1.69958 4.79087
1.70126 4.79087
1.70295 4.79087
1.70464 4.7981
1.70632 4.7981
1.70801 4.7981
1.7097 4.7981
1.71138 4.7981
1.71307 4.7981
1.71476 4.7981
1.71644 4.80787
1.71813 4.80787
1.71982 4.80787
1.72394 4.80787
1.72876 4.80787
1.73358 4.80787
1.7384 4.80787
1.74322 4.80787
1.74804 4.80787
1.75286 4.80787
1.75768 4.80787
1.7625 4.80787
1.76732 4.80787
1.77214 4.80787
1.77696 4.80787
1.78177 4.80787
1.78659 4.80787
1.79141 4.80787
1.79623 4.80787
1.80105 4.80787
1.80587 4.80787
1.81069 4.80787
1.81551 4.80787
1.82033 4.80787
1.82514 4.80787
1.82996 4.80787
1.83477 4.80787
1.83958 4.80787
1.84438 4.80787
1.84918 4.80787
1.85398 4.80787
1.85878 4.80787
1.86358 4.80787
1.86838 4.80787
1.87319 4.80787
1.87799 4.80787
1.88279 4.80787
1.88759 4.80787
1.89239 4.80787
1.89719 4.80787
1.90199 4.80787
1.90679 4.80787
1.91159 4.80787
1.91639 4.80787
1.92119 4.80787
1.92599 4.80787
1.93079 4.80787
1.93559 4.80787
1.94039 4.80787
1.94519 4.80787
1.94999 4.80787
1.95479 4.80787
1.95959 4.80787
1.96439 4.80787
1.96919 4.80787
1.97399 4.80787
1.9788 4.80787
1.9836 4.80787
1.9884 4.80787
1.9932 4.80787
1.998 4.80787

