0.242981 0.0652636
0.36564 0.102032
0.409893 0.234234
0.498398 0.234234
0.526704 0.234234
0.555009 0.234234
0.567339 0.290041
0.579669 0.436327
0.628989 0.436327
0.641319 0.436327
0.653649 0.436327
0.665979 0.436327
0.678308 0.436327
0.690638 0.496887
0.700596 0.496887
0.710553 0.551533
0.717173 0.620475
0.723792 0.689417
0.730411 0.831749
0.756887 0.831749
0.763506 0.831749
0.770125 0.831749
0.776744 0.831749
0.783363 0.831749
0.789982 0.896242
0.796602 0.896242
0.803221 0.965183
0.80984 0.965183
0.816459 1.02699
0.822271 1.02699
0.828084 1.02699
0.833896 1.09008
0.839132 1.09008
0.844369 1.09008
0.849023 1.09008
0.853213 1.14107
0.856685 1.20819
0.860157 1.27531
0.86363 1.34243
0.867102 1.40955
0.870574 1.47667
0.874046 1.54379
0.877519 1.54379
0.880991 1.61092
0.884463 1.61092
0.887936 1.67804
0.891408 1.67804
0.89488 1.74516
0.898353 1.74516
0.901825 1.81228
0.905297 1.81228
0.90877 1.8794
0.912242 1.8794
0.915714 1.94245
0.918937 1.94245
0.922159 2.00943
0.925381 2.00943
0.928604 2.07242
0.931596 2.07242
0.934588 2.13927
0.937581 2.13927
0.940573 2.20281
0.943385 2.20281
0.946197 2.26956
0.94901 2.26956
0.951822 2.33631
0.954634 2.33631
0.957446 2.3998
0.960096 2.3998
0.962745 2.46647
0.965394 2.46647
0.968044 2.53313
0.970693 2.53313
0.973343 2.53313
0.975992 2.59723
0.978523 2.59723
0.981054 2.59723
0.983445 2.65793
0.985709 2.65793
0.987974 2.65793
0.990125 2.7195
0.992174 2.7195
0.994223 2.78368
0.996179 2.78368
0.998135 2.84795
1.00001 2.84795
1.00188 2.84795
1.00375 2.91231
1.00554 2.91231
1.00733 2.9785
1.00913 2.9785
1.01092 3.04288
1.01264 3.04288
1.01436 3.10903
1.01608 3.10903
1.0178 3.17344
1.01949 3.17344
1.02118 3.23787
1.02286 3.30309
1.02455 3.30309
1.02623 3.3657
1.02792 3.3657
1.02961 3.42645
1.03129 3.42645
1.03298 3.48538
1.03467 3.48538
1.03635 3.54242
1.03804 3.54242
1.03973 3.59772
1.04141 3.65716
1.0431 3.65716
1.04479 3.71038
1.04647 3.71038
1.04816 3.76174
1.04984 3.76174
1.05153 3.8112
1.05322 3.8112
1.0549 3.85891
1.05659 3.85891
1.05828 3.90484
1.05996 3.90484
1.06165 3.94898
1.06334 4.00195
1.06502 4.00195
1.06671 4.04387
1.06839 4.04387
1.07008 4.0841
1.07177 4.0841
1.07345 4.12263
1.07514 4.12263
1.07683 4.15946
1.07851 4.15946
1.0802 4.1946
1.08189 4.24275
1.08357 4.24275
1.08526 4.27584
1.08695 4.27584
1.08863 4.30731
1.09032 4.30731
1.092 4.33728
1.09369 4.33728
1.09538 4.36577
1.09706 4.36577
1.09875 4.39279
1.10044 4.43519
1.10212 4.43519
1.10381 4.46033
1.1055 4.46033
1.10718 4.4841
1.10887 4.4841
1.11055 4.50649
1.11224 4.54633
1.11393 4.54633
1.11561 4.56798
1.1173 4.56798
1.11899 4.58838
1.12067 4.58838
1.12236 4.60754
1.12405 4.60754
1.12573 4.6264
1.12742 4.66348
1.12911 4.66348
1.13079 4.68085
1.13248 4.68085
1.13416 4.69713
1.13585 4.69713
1.13754 4.71315
1.13922 4.71315
1.14091 4.72813
1.1426 4.72813
1.14428 4.74208
1.14597 4.74208
1.14766 4.74208
1.14934 4.74208
1.15103 4.74208
1.15271 4.74612
1.1544 4.74612
1.15609 4.75658
1.15777 4.75658
1.15946 4.76686
1.16115 4.76686
1.16283 4.77628
1.16452 4.77628
1.16621 4.77628
1.16789 4.77628
1.16958 4.77628
1.17127 4.77628
1.17295 4.77628
1.17464 4.7772
1.17632 4.7772
1.17801 4.78303
1.1797 4.78303
1.18138 4.78817
1.18307 4.78817
1.18476 4.78817
1.18644 4.78817
1.18813 4.78817
1.18982 4.78817
1.1915 4.78817
1.19319 4.78817
1.19487 4.78817
1.19656 4.78817
1.19825 4.78817
1.19993 4.78817
1.20162 4.78817
1.20331 4.78817
1.20499 4.78817
1.20668 4.78817
1.20837 4.78817
1.21005 4.78817
1.21174 4.78817
1.21343 4.78817
1.21511 4.78817
1.2168 4.78817
1.21848 4.78817
1.22017 4.78817
1.22186 4.78817
1.22354 4.78817
1.22523 4.78817
1.22692 4.78817
1.2286 4.78817
1.23029 4.78817
1.23198 4.78817
1.23366 4.78817
1.23535 4.78817
1.23703 4.78817
1.23872 4.78817
1.24041 4.78817
1.24209 4.78817
1.24378 4.78817
1.24547 4.78817
1.24715 4.78817
1.24884 4.78817
1.25053 4.78817
1.25221 4.78817
1.2539 4.78817
1.25559 4.78817
1.25727 4.78817
1.25896 4.78817
1.26064 4.78817
1.26233 4.78817
1.26402 4.78817
1.2657 4.78817
1.26739 4.78817
1.26908 4.78817
1.27076 4.78817
1.27245 4.78817
1.27414 4.78817
1.27582 4.78817
1.27751 4.78817
1.27919 4.78817
1.28088 4.78817
1.28257 4.78817
1.28425 4.78817
1.28594 4.78817
1.28763 4.78817
1.28931 4.78817
1.291 4.78817
1.29269 4.78817
1.29437 4.78817
1.29606 4.78817
1.29775 4.78817
1.29943 4.78817
1.30112 4.78817
1.3028 4.78817
1.30449 4.78817
1.30618 4.78817
1.30786 4.78817
1.30955 4.78817
1.31124 4.78817
1.31292 4.78817
1.31461 4.78817
1.3163 4.78817
1.31798 4.78817
1.31967 4.78817
1.32135 4.78817
1.32304 4.78817
1.32473 4.78817
1.32641 4.78817
1.3281 4.78817
1.32979 4.78817
1.33147 4.78817
1.33316 4.78817
1.33485 4.78817
1.33653 4.78817
1.33822 4.78817
1.33991 4.78817
1.34159 4.78817
1.34328 4.78817
1.34496 4.78817
1.34665 4.78817
1.34834 4.78817
1.35002 4.78817
1.35171 4.78817
1.3534 4.78817
1.35508 4.78817
1.35677 4.78817
1.35846 4.78817
1.36014 4.78817
1.36183 4.78817
1.36351 4.78817
1.3652 4.78817
1.36689 4.78817
1.36857 4.78817
1.37026 4.78817
1.37195 4.78817
1.37363 4.78817
1.37532 4.78817
1.37701 4.78817
1.37869 4.78817
1.38038 4.78817
1.38207 4.78817
1.38375 4.78817
1.38544 4.78817
1.38712 4.78817
1.38881 4.78817
1.3905 4.78817
1.39218 4.78817
1.39387 4.78817
1.39556 4.78817
1.39724 4.78817
1.39893 4.78817
1.40062 4.78817
1.4023 4.78817
1.40399 4.78817
1.40567 4.78817
1.40736 4.78817
1.40905 4.78817
1.41073 4.78817
1.41242 4.78817
1.41411 4.78817
1.41579 4.78817
1.41748 4.78817
1.41917 4.78817
1.42085 4.78817
1.42254 4.78817
1.42423 4.78817
1.42591 4.78817
1.4276 4.78817
1.42928 4.78817
1.43097 4.78817
1.43266 4.78817
1.43434 4.78817
1.43603 4.78817
1.43772 4.78817
1.4394 4.78817
1.44109 4.78817
1.44278 4.78817
1.44446 4.78817
1.44615 4.78817
1.44783 4.78817
1.44952 4.78817
1.45121 4.78817
1.45289 4.78817
1.45458 4.78817
1.45627 4.78817
1.45795 4.78817
1.45964 4.78817
1.46133 4.78817
1.46301 4.78817
1.4647 4.78817
1.46639 4.78817
1.46807 4.78817
1.46976 4.78817
1.47144 4.78817
1.47313 4.78817
1.47482 4.78817
1.4765 4.78817
1.47819 4.78817
1.47988 4.78817
1.48156 4.78817
1.48325 4.78817
1.48494 4.78817
1.48662 4.78817
1.48831 4.78817
1.48999 4.78817
1.49168 4.78817
1.49337 4.78817
1.49505 4.78817
1.49674 4.78817
1.49843 4.78817
1.50011 4.78817
1.5018 4.78817
1.50349 4.78817
1.50517 4.78817
1.50686 4.78817
1.50855 4.78817
1.51023 4.78817
1.51192 4.78817
1.5136 4.78817
1.51529 4.78817
1.51698 4.78817
1.51866 4.78817
1.52035 4.78817
1.52204 4.78817
1.52372 4.78817
1.52541 4.78817
1.5271 4.78817
1.52878 4.78817
1.53047 4.78817
1.53215 4.78817
1.53384 4.78817
1.53553 4.78817
1.53721 4.78817
1.5389 4.78817
1.54059 4.78817
1.54227 4.78817
1.54396 4.78817
1.54565 4.78817
1.54733 4.78817
1.54902 4.78817
1.55071 4.78817
1.55239 4.78817
1.55408 4.78817
1.55576 4.78817
1.55745 4.78817
1.55914 4.78817
1.56082 4.78817
1.56251 4.78817
1.5642 4.78817
1.56588 4.78817
1.56757 4.78817
1.56926 4.78817
1.57094 4.78817
1.57263 4.78817
1.57431 4.78817
1.576 4.78817
1.57769 4.78817
1.57937 4.78817
1.58106 4.78817
1.58275 4.78817
1.58443 4.78817
1.58612 4.78817
1.58781 4.78817
1.58949 4.78817
1.59118 4.78817
1.59287 4.78817
1.59455 4.78817
1.59624 4.78817
1.59792 4.78817
1.59961 4.78817
1.6013 4.78817
1.60298 4.78817
1.60467 4.78817
1.60636 4.78817
1.60804 4.78817
1.60973 4.78817
1.61142 4.78817
1.6131 4.78817
1.61479 4.78817
1.61647 4.78817
1.61816 4.78817
1.61985 4.78817
1.62153 4.78817
1.62322 4.78817
1.62491 4.78817
1.62659 4.78817
1.62828 4.78817
1.62997 4.78817
1.63165 4.78817
1.63334 4.78817
1.63503 4.78817
1.63671 4.78817
1.6384 4.78817
1.64008 4.78817
1.64177 4.78817
1.64346 4.78817
1.64514 4.78817
1.64683 4.78817
1.64852 4.78817
1.6502 4.78817
1.65189 4.78817
1.65358 4.78817
1.65526 4.78817
1.65695 4.78817
1.65863 4.78817
1.66032 4.78817
1.66201 4.78817
1.66369 4.78817
1.66538 4.78817
1.66707 4.78817
1.66875 4.78817
1.67044 4.78817
1.67213 4.78817
1.67381 4.78817
1.6755 4.78817
1.67719 4.78817
1.67887 4.78817
1.68056 4.78817
1.68224 4.78817
1.68393 4.78817
1.68562 4.78817
1.6873 4.78817
1.68899 4.78817
1.69068 4.78817
1.69236 4.78817
1.69405 4.78896
1.69574 4.78896
1.69742 4.78896
1.69911 4.78896
1.70079 4.79119
1.70248 4.79119
1.70417 4.79119
1.70585 4.79119
1.70754 4.79379
1.70923 4.79379
1.71091 4.79379
1.7126 4.79379
1.71429 4.79684
1.71597 4.79684
1.71766 4.79684
1.71935 4.79684
1.72103 4.80048
1.72272 4.80048
1.72666 4.80048
1.73129 4.80048
1.73592 4.80048
1.74055 4.80048
1.74518 4.80048
1.7498 4.80048
1.75443 4.80048
1.75906 4.80048
1.76369 4.80048
1.76832 4.80048
1.77295 4.80048
1.77757 4.80048
1.7822 4.80048
1.78683 4.80048
1.79146 4.80048
1.79609 4.80048
1.80071 4.80048
1.80534 4.80048
1.80997 4.80048
1.8146 4.80048
1.81923 4.80048
1.82385 4.80048
1.82848 4.80048
1.8331 4.80048
1.83773 4.80048
1.84235 4.80048
1.84697 4.80048
1.85158 4.80048
1.8562 4.80048
1.86081 4.80048
1.86543 4.80048
1.87005 4.80048
1.87466 4.80048
1.87928 4.80048
1.8839 4.80048
1.88851 4.80048
1.89313 4.80048
1.89774 4.80048
1.90236 4.80048
1.90698 4.80048
1.91159 4.80048
1.91621 4.80048
1.92082 4.80048
1.92544 4.80048
1.93006 4.80048
1.93467 4.80048
1.93929 4.80048
1.94391 4.80048
1.94852 4.80048
1.95314 4.80048
1.95775 4.80048
1.96237 4.80048
1.96699 4.80048
1.9716 4.80048
1.97622 4.80048
1.98084 4.80048
1.98545 4.80048
1.99007 4.80048
1.99468 4.80048
1.9993 4.80048

