0.242981 0.0652636
0.36564 0.0918181
0.40117 0.497882
0.507762 0.497882
0.533016 0.497882
0.537674 0.497882
0.542331 0.497882
0.546988 0.824193
0.630822 0.824193
0.635479 0.824193
0.640137 0.824193
0.658766 0.824193
0.663424 0.824193
0.668081 0.824193
0.672738 0.824193
0.675552 0.824193
0.678365 0.824193
0.681179 0.824193
0.683992 0.824193
0.686806 0.824193
0.689619 1.65662
0.754329 1.65662
0.757143 1.65662
0.759956 1.65662
0.762769 1.65662
0.765583 1.65662
0.768396 1.65662
0.77121 1.65662
0.782464 1.65662
0.785277 1.65662
0.788091 1.65662
0.790904 1.65662
0.793718 1.65662
0.796531 1.65662
0.799345 1.65662
0.802158 1.65662
0.804972 1.65662
0.807785 1.65662
0.810598 1.65662
0.813412 1.65662
0.815098 1.65662
0.816785 1.65662
0.818471 1.65662
0.820158 1.65662
0.821844 1.65662
0.82353 1.65662
0.825217 1.68741
0.826903 1.74824
0.82859 1.80879
0.830276 1.86907
0.831962 1.92906
0.833649 1.98878
0.835335 3.09249
0.8778 3.09249
0.879487 3.09249
0.881173 3.09249
0.882859 3.09249
0.884546 3.09249
0.886232 3.09249
0.887919 3.09249
0.889605 3.09249
0.891291 3.09249
0.892978 3.09249
0.894664 3.09249
0.896351 3.09249
0.898037 3.09249
0.899723 3.09249
0.90141 3.09249
0.903096 3.09249
0.904783 3.09249
0.906469 3.09249
0.908155 3.09249
0.909842 3.09249
0.911528 3.09249
0.913215 3.09249
0.914901 3.09249
0.916587 3.09249
0.918274 3.09249
0.91996 3.09249
0.921647 3.09249
0.923333 3.09249
0.925019 3.09249
0.926706 3.09249
0.928392 3.09249
0.930079 3.09249
0.931765 3.13399
0.933451 3.13399
0.935138 3.18237
0.936824 3.18237
0.938511 3.23033
0.940197 3.23033
0.941883 3.27785
0.94357 3.27785
0.945256 3.27785
0.946943 3.31764
0.948629 3.31764
0.950315 3.31764
0.952002 3.31764
0.953688 3.31764
0.955375 3.31764
0.957061 3.33503
0.958747 3.33503
0.960434 3.33503
0.96212 3.33503
0.963807 3.33503
0.965493 3.34974
0.967179 3.34974
0.968866 3.34974
0.970552 3.34974
0.972239 3.34976
0.973925 3.38524
0.975611 3.42024
0.977298 3.45476
0.978984 3.48882
0.980671 3.52243
0.982357 3.5556
0.984043 3.58832
0.98573 3.62063
0.987416 3.65251
0.989103 3.68398
0.990789 3.71505
0.992475 3.74573
0.994162 3.77602
0.995848 3.80593
0.997535 3.83546
0.999221 3.86463
1.00091 3.89344
1.00259 3.9219
1.00428 3.95001
1.00597 3.97778
1.00765 4.00521
1.00934 4.03232
1.01103 4.75453
1.01271 4.78103
1.0144 4.78103
1.01608 4.78103
1.01777 4.79981
1.01946 4.79981
1.02114 4.79981
1.02283 4.79981
1.02452 4.79981
1.0262 4.79981
1.02789 4.79981
1.02958 4.79981
1.03126 4.79981
1.03295 4.79981
1.03464 4.79981
1.03632 4.79981
1.03801 4.79981
1.03969 4.79981
1.04138 4.79981
1.04307 4.79981
1.04475 4.79981
1.04644 4.79981
1.04813 4.79981
1.04981 4.79981
1.0515 4.79981
1.05319 4.79981
1.05487 4.79981
1.05656 4.79981
1.05824 4.79981
1.05993 4.79981
1.06162 4.79981
1.0633 4.79981
1.06499 4.79981
1.06668 4.79981
1.06836 4.79981
1.07005 4.79981
1.07174 4.79981
1.07342 4.79981
1.07511 4.79981
1.0768 4.79981
1.07848 4.79981
1.08017 4.79981
1.08185 4.79981
1.08354 4.79981
1.08523 4.79981
1.08691 4.79981
1.0886 4.79981
1.09029 4.79981
1.09197 4.79981
1.09366 4.79981
1.09535 4.79981
1.09703 4.79981
1.09872 4.79981
1.1004 4.79981
1.10209 4.79981
1.10378 4.79981
1.10546 4.79981
1.10715 4.79981
1.10884 4.79981
1.11052 4.79981
1.11221 4.79981
1.1139 4.79981
1.11558 4.79981
1.11727 4.79981
1.11896 4.79981
1.12064 4.79981
1.12233 4.79981
1.12401 4.79981
1.1257 4.79981
1.12739 4.79981
1.12907 4.79981
1.13076 4.79981
1.13245 4.79981
1.13413 4.79981
1.13582 4.79981
1.13751 4.79981
1.13919 4.79981
1.14088 4.79981
1.14256 4.79981
1.14425 4.79981
1.14594 4.79981
1.14762 4.79981
1.14931 4.79981
1.151 4.79981
1.15268 4.79981
1.15437 4.79981
1.15606 4.79981
1.15774 4.79981
1.15943 4.79981
1.16112 4.79981
1.1628 4.79981
1.16449 4.79981
1.16617 4.79981
1.16786 4.79981
1.16955 4.79981
1.17123 4.79981
1.17292 4.79981
1.17461 4.79981
1.17629 4.79981
1.17798 4.79981
1.17967 4.79981
1.18135 4.79981
1.18304 4.79981
1.18472 4.79981
1.18641 4.79981
1.1881 4.79981
1.18978 4.79981
1.19147 4.79981
1.19316 4.79981
1.19484 4.79981
1.19653 4.79981
1.19822 4.79981
1.1999 4.79981
1.20159 4.79981
1.20328 4.79981
1.20496 4.79981
1.20665 4.79981
1.20833 4.79981
1.21002 4.79981
1.21171 4.79981
1.21339 4.79981
1.21508 4.79981
1.21677 4.79981
1.21845 4.79981
1.22014 4.79981
1.22183 4.79981
1.22351 4.79981
1.2252 4.79981
1.22688 4.79981
1.22857 4.79981
1.23026 4.79981
1.23194 4.79981
1.23363 4.79981
1.23532 4.79981
1.237 4.79981
1.23869 4.79981
1.24038 4.79981
1.24206 4.79981
1.24375 4.79981
1.24544 4.79981
1.24712 4.79981
1.24881 4.79981
1.25049 4.79981
1.25218 4.79981
1.25387 4.79981
1.25555 4.79981
1.25724 4.79981
1.25893 4.79981
1.26061 4.79981
1.2623 4.79981
1.26399 4.79981
1.26567 4.79981
1.26736 4.79981
1.26904 4.79981
1.27073 4.79981
1.27242 4.79981
1.2741 4.79981
1.27579 4.79981
1.27748 4.79981
1.27916 4.79981
1.28085 4.79981
1.28254 4.79981
1.28422 4.79981
1.28591 4.79981
1.2876 4.79981
1.28928 4.79981
1.29097 4.79981
1.29265 4.79981
1.29434 4.79981
1.29603 4.79981
1.29771 4.79981
1.2994 4.79981
1.30109 4.79981
1.30277 4.79981
1.30446 4.79981
1.30615 4.79981
1.30783 4.79981
1.30952 4.79981
1.3112 4.79981
1.31289 4.79981
1.31458 4.79981
1.31626 4.79981
1.31795 4.79981
1.31964 4.79981
1.32132 4.79981
1.32301 4.79981
1.3247 4.79981
1.32638 4.79981
1.32807 4.79981
1.32976 4.79981
1.33144 4.79981
1.33313 4.79981
1.33481 4.79981
1.3365 4.79981
1.33819 4.79981
1.33987 4.79981
1.34156 4.79981
1.34325 4.79981
1.34493 4.79981
1.34662 4.79981
1.34831 4.79981
1.34999 4.79981
1.35168 4.79981
1.35336 4.79981
1.35505 4.79981
1.35674 4.79981
1.35842 4.79981
1.36011 4.79981
1.3618 4.79981
1.36348 4.79981
1.36517 4.79981
1.36686 4.79981
1.36854 4.79981
1.37023 4.79981
1.37192 4.79981
1.3736 4.79981
1.37529 4.79981
1.37697 4.79981
1.37866 4.79981
1.38035 4.79981
1.38203 4.79981
1.38372 4.79981
1.38541 4.79981
1.38709 4.79981
1.38878 4.79981
1.39047 4.79981
1.39215 4.79981
1.39384 4.79981
1.39552 4.79981
1.39721 4.79981
1.3989 4.79981
1.40058 4.79981
1.40227 4.79981
1.40396 4.79981
1.40564 4.79981
1.40733 4.79981
1.40902 4.79981
1.4107 4.79981
1.41239 4.79981
1.41408 4.79981
1.41576 4.79981
1.41745 4.79981
1.41913 4.79981
1.42082 4.79981
1.42251 4.79981
1.42419 4.79981
1.42588 4.79981
1.42757 4.79981
1.42925 4.79981
1.43094 4.79981
1.43263 4.79981
1.43431 4.79981
1.436 4.79981
1.43768 4.79981
1.43937 4.79981
1.44106 4.79981
1.44274 4.79981
1.44443 4.79981
1.44612 4.79981
1.4478 4.79981
1.44949 4.79981
1.45118 4.79981
1.45286 4.79981
1.45455 4.79981
1.45624 4.79981
1.45792 4.79981
1.45961 4.79981
1.46129 4.79981
1.46298 4.79981
1.46467 4.79981
1.46635 4.79981
1.46804 4.79981
1.46973 4.79981
1.47141 4.79981
1.4731 4.79981
1.47479 4.79981
1.47647 4.79981
1.47816 4.79981
1.47984 4.79981
1.48153 4.79981
1.48322 4.79981
1.4849 4.79981
1.48659 4.79981
1.48828 4.79981
1.48996 4.79981
1.49165 4.79981
1.49334 4.79981
1.49502 4.79981
1.49671 4.79981
1.4984 4.79981
1.50008 4.79981
1.50177 4.79981
1.50345 4.79981
1.50514 4.79981
1.50683 4.79981
1.50851 4.79981
1.5102 4.79981
1.51189 4.79981
1.51357 4.79981
1.51526 4.79981
1.51695 4.79981
1.51863 4.79981
1.52032 4.79981
1.522 4.79981
1.52369 4.79981
1.52538 4.79981
1.52706 4.79981
1.52875 4.79981
1.53044 4.79981
1.53212 4.79981
1.53381 4.79981
1.5355 4.79981
1.53718 4.79981
1.53887 4.79981
1.54056 4.79981
1.54224 4.79981
1.54393 4.79981
1.54561 4.79981
1.5473 4.79981
1.54899 4.79981
1.55067 4.79981
1.55236 4.79981
1.55405 4.79981
1.55573 4.79981
1.55742 4.79981
1.55911 4.79981
1.56079 4.79981
1.56248 4.79981
1.56416 4.79981
1.56585 4.79981
1.56754 4.79981
1.56922 4.79981
1.57091 4.79981
1.5726 4.79981
1.57428 4.79981
1.57597 4.79981
1.57766 4.79981
1.57934 4.79981
1.58103 4.79981
1.58272 4.79981
1.5844 4.79981
1.58609 4.79981
1.58777 4.79981
1.58946 4.79981
1.59115 4.79981
1.59283 4.79981
1.59452 4.79981
1.59621 4.79981
1.59789 4.79981
1.59958 4.79981
1.60127 4.79981
1.60295 4.79981
1.60464 4.79981
1.60632 4.79981
1.60801 4.79981
1.6097 4.79981
1.61138 4.79981
1.61307 4.79981
1.61476 4.79981
1.61644 4.79981
1.61813 4.79981
1.61982 4.79981
1.6215 4.79981
1.62319 4.79981
1.62488 4.79981
1.62656 4.79981
1.62825 4.79981
1.62993 4.79981
1.63162 4.79981
1.63331 4.79981
1.63499 4.79981
1.63668 4.79981
1.63837 4.79981
1.64005 4.79981
1.64174 4.79981
1.64343 4.79981
1.64511 4.79981
1.6468 4.79981
1.64848 4.79981
1.65017 4.79981
1.65186 4.79981
1.65354 4.79981
1.65523 4.79981
1.65692 4.79981
1.6586 4.79981
1.66029 4.79981
1.66198 4.79981
1.66366 4.79981
1.66535 4.79981
1.66704 4.79981
1.66872 4.79981
1.67041 4.79981
1.67209 4.79981
1.67378 4.79981
1.67547 4.79981
1.67715 4.79981
1.67884 4.79981
1.68053 4.79981
1.68221 4.79981
1.6839 4.79981
1.68559 4.79981
1.68727 4.79981
1.68896 4.79981
1.69064 4.79981
1.69233 4.79981
1.69402 4.79981
1.6957 4.79981
1.69739 4.79981
1.69908 4.79981
1.70076 4.79981
1.70245 4.79981
1.70414 4.79981
1.70582 4.79981
1.70751 4.79981
1.71287 4.79981
1.71862 4.79981
1.72437 4.79981
1.73012 4.79981
1.73587 4.79981
1.74162 4.79981
1.74737 4.79981
1.75312 4.79981
1.75887 4.79981
1.76462 4.79981
1.77037 4.79981
1.77612 4.79981
1.78187 4.79981
1.78762 4.79981
1.79337 4.79981
1.79912 4.79981
1.80487 4.79981
1.81062 4.79981
1.81637 4.79981
1.82212 4.79981
1.82787 4.79981
1.83362 4.79981
1.83937 4.79981
1.84512 4.79981
1.85087 4.79981
1.85662 4.79981
1.86237 4.79981
1.86812 4.79981
1.87387 4.79981
1.87962 4.79981
1.88538 4.79981
1.89113 4.79981
1.89688 4.79981
1.90263 4.79981
1.90838 4.79981
1.91413 4.79981
1.91988 4.79981
1.92563 4.79981
1.93138 4.79981
1.93713 4.79981
1.94288 4.79981
1.94863 4.79981
1.95438 4.79981
1.96013 4.79981
1.96588 4.79981
1.97163 4.79981
1.97738 4.79981
1.98313 4.79981
1.98888 4.79981
1.99463 4.79981
